0 0.0524 0.3595 0.0564 0.0470
0 0.1686 0.1445 0.0838 0.0739
0 0.3037 0.1653 0.1230 0.0699
0 0.2653 0.2823 0.0610 0.0565
0 0.3912 0.2567 0.0494 0.0591
0 0.4704 0.0907 0.0456 0.0659
0 0.6379 0.1922 0.0452 0.0538
0 0.0708 0.5712 0.0596 0.0618
0 0.0580 0.6653 0.0442 0.0672
0 0.1837 0.5370 0.0470 0.0444
0 0.1667 0.8488 0.0512 0.0739
0 0.2892 0.6008 0.0550 0.0618
0 0.3284 0.4966 0.0540 0.0739
0 0.5026 0.4536 0.0456 0.0659
0 0.5368 0.5363 0.0452 0.0753
0 0.5999 0.6949 0.0475 0.0699
0 0.7115 0.4106 0.0405 0.0659
0 0.8449 0.3871 0.0494 0.0645
0 0.9495 0.3790 0.0554 0.0699
0 0.9096 0.2352 0.0503 0.0591
0 0.9488 0.1358 0.0484 0.0618
