0 0.0256 0.5295 0.0428 0.0875
0 0.0575 0.6357 0.0575 0.0810
0 0.0625 0.4125 0.0533 0.0853
0 0.2182 0.3807 0.0547 0.0700
0 0.1849 0.4989 0.0470 0.0832
0 0.1972 0.6204 0.0575 0.0810
0 0.3386 0.3643 0.0484 0.0810
0 0.3446 0.4836 0.0561 0.0832
0 0.4004 0.5952 0.0779 0.0963
0 0.5337 0.5766 0.0849 0.1072
0 0.5189 0.4519 0.0568 0.0853
0 0.5660 0.3446 0.0681 0.0985
0 0.6937 0.3282 0.0540 0.0875
0 0.6733 0.4354 0.0568 0.0919
0 0.7147 0.5591 0.0498 0.0941
0 0.7698 0.4344 0.0561 0.0810
0 0.7895 0.3031 0.0547 0.0678
0 0.8937 0.4267 0.1312 0.1050
0 0.8568 0.5580 0.0533 0.0788
0 0.9228 0.5514 0.0505 0.0700
