0 0.0895 0.3930 0.0548 0.0838
0 0.0568 0.5883 0.0437 0.0646
0 0.0967 0.6676 0.0507 0.0872
0 0.1671 0.5453 0.0504 0.0781
0 0.2013 0.6314 0.0379 0.0668
0 0.2546 0.5283 0.0445 0.0759
0 0.2877 0.6008 0.0371 0.0555
0 0.3574 0.4830 0.0559 0.0827
0 0.3713 0.5702 0.0419 0.0646
0 0.3046 0.2350 0.0996 0.0827
0 0.1938 0.2072 0.0676 0.0951
0 0.4364 0.1569 0.0566 0.0600
0 0.4987 0.4536 0.0393 0.0781
0 0.4868 0.5396 0.0456 0.0713
0 0.5875 0.4349 0.0515 0.0974
0 0.6283 0.6251 0.0566 0.0838
0 0.6673 0.4179 0.0449 0.0612
0 0.7188 0.4094 0.0522 0.0532
0 0.7515 0.4819 0.0493 0.0736
