0 0.0158 0.4181 0.0294 0.0550
0 0.0265 0.3380 0.0338 0.0585
0 0.0717 0.3567 0.0390 0.0608
0 0.0699 0.4199 0.0382 0.0468
0 0.1969 0.3567 0.0246 0.1146
0 0.2020 0.8000 0.0614 0.2854
0 0.2237 0.1392 0.0305 0.0538
0 0.2465 0.1860 0.0349 0.0421
0 0.3180 0.3468 0.0441 0.0550
0 0.3022 0.4105 0.0368 0.0632
0 0.3778 0.3503 0.0371 0.0643
0 0.3671 0.4234 0.0327 0.0632
0 0.4103 0.4199 0.0279 0.0491
0 0.4561 0.3404 0.0357 0.0655
0 0.4682 0.4246 0.0349 0.0608
0 0.3355 0.1895 0.0371 0.0608
0 0.3858 0.1327 0.0357 0.0573
0 0.4189 0.2023 0.0312 0.0515
0 0.4820 0.1363 0.0368 0.0526
0 0.4884 0.2117 0.0430 0.0655
0 0.5656 0.2111 0.0364 0.0526
0 0.6110 0.1392 0.0397 0.0491
0 0.5412 0.3327 0.0294 0.0550
0 0.5153 0.4211 0.0349 0.0444
0 0.6053 0.3368 0.0342 0.0538
0 0.5873 0.4170 0.0379 0.0433
0 0.6112 0.5386 0.0386 0.0550
0 0.6351 0.4164 0.0371 0.0468
0 0.6610 0.3450 0.0382 0.0561
0 0.6873 0.4053 0.0312 0.0573
0 0.7162 0.3222 0.0346 0.0643
0 0.7408 0.4082 0.0346 0.0585
0 0.7665 0.3462 0.0375 0.0515
0 0.8140 0.3404 0.0390 0.0561
0 0.7890 0.4140 0.0368 0.0491
0 0.8390 0.5251 0.0390 0.0561
0 0.8562 0.4152 0.0353 0.0444
0 0.8779 0.3485 0.0390 0.0515
0 0.7301 0.1480 0.0397 0.0573
0 0.7950 0.1339 0.0379 0.0526
0 0.8752 0.0439 0.0386 0.0667
0 0.9469 0.3374 0.0482 0.0526
0 0.9454 0.4193 0.0482 0.0573
