0 0.0594 0.5951 0.0467 0.0468
0 0.0506 0.6748 0.0415 0.0510
0 0.1241 0.5755 0.0364 0.0648
0 0.1522 0.6472 0.0397 0.0616
0 0.1680 0.5600 0.0360 0.0531
0 0.1588 0.8188 0.0434 0.0755
0 0.2167 0.5553 0.0430 0.0606
0 0.2803 0.6010 0.0423 0.0542
0 0.2869 0.5244 0.0408 0.0542
0 0.2450 0.3624 0.0371 0.0616
0 0.1943 0.2365 0.0746 0.0691
0 0.3022 0.2540 0.0934 0.0829
0 0.4313 0.1870 0.0375 0.0574
0 0.4987 0.2843 0.0437 0.0499
0 0.4096 0.4846 0.0515 0.0616
0 0.4506 0.5468 0.0452 0.0563
0 0.4792 0.7147 0.0423 0.0755
0 0.5230 0.4718 0.0415 0.0574
0 0.5535 0.5308 0.0379 0.0563
0 0.6421 0.4336 0.0555 0.0680
0 0.7184 0.4346 0.0368 0.0510
0 0.8011 0.2141 0.0434 0.0499
0 0.8750 0.2710 0.0419 0.0531
0 0.8763 0.4713 0.0393 0.0499
0 0.8518 0.6493 0.0412 0.0659
