0 0.0201 0.0905 0.0263 0.1301
0 0.0115 0.6478 0.0203 0.1980
0 0.0365 0.8656 0.0277 0.1499
0 0.1124 0.8543 0.0457 0.0736
0 0.1283 0.9406 0.0452 0.0707
0 0.1932 0.8522 0.0494 0.0665
0 0.2306 0.9420 0.0466 0.0622
0 0.2537 0.8607 0.0466 0.0750
0 0.2922 0.9392 0.0397 0.0679
0 0.3153 0.8465 0.0471 0.0580
0 0.3943 0.8557 0.0517 0.0820
0 0.3740 0.9519 0.0489 0.0509
0 0.5067 0.8508 0.0448 0.0750
0 0.4991 0.9385 0.0526 0.0665
0 0.6106 0.8451 0.0466 0.0636
0 0.6237 0.9399 0.0545 0.0778
0 0.7142 0.8366 0.0526 0.0778
0 0.7209 0.9328 0.0522 0.0693
0 0.8049 0.9052 0.0466 0.0764
0 0.8280 0.8324 0.0503 0.0580
0 0.9241 0.9307 0.0494 0.0594
0 0.9531 0.8246 0.0586 0.0707
0 0.9573 0.5948 0.0531 0.0636
0 0.7879 0.6902 0.0577 0.0679
0 0.6614 0.6018 0.0512 0.0580
0 0.5381 0.5884 0.0448 0.0764
0 0.5256 0.6917 0.0429 0.0820
0 0.4640 0.6160 0.0416 0.0523
0 0.4324 0.6825 0.0476 0.0721
0 0.4086 0.5849 0.0416 0.0636
0 0.3576 0.5827 0.0512 0.0622
0 0.3788 0.6704 0.0457 0.0707
0 0.3183 0.6917 0.0457 0.0679
0 0.2518 0.6874 0.0439 0.0594
0 0.1978 0.6867 0.0402 0.0665
0 0.1203 0.6761 0.0586 0.0594
0 0.1410 0.5905 0.0457 0.0693
0 0.1923 0.4385 0.0429 0.0622
0 0.1316 0.4293 0.0471 0.0636
