0 0.0199 0.6999 0.0375 0.0514
0 0.0410 0.7738 0.0371 0.0600
0 0.2081 0.6849 0.0397 0.1286
0 0.2210 0.5230 0.0382 0.0643
0 0.2320 0.3006 0.0301 0.0997
0 0.1533 0.1484 0.0250 0.1190
0 0.1472 0.0450 0.0180 0.0707
0 0.1267 0.1281 0.0232 0.1147
0 0.1072 0.1597 0.0224 0.1029
0 0.0735 0.0836 0.0272 0.1158
0 0.0792 0.2235 0.0239 0.1190
0 0.3085 0.3960 0.0404 0.0654
0 0.3263 0.5011 0.0908 0.0847
0 0.2949 0.5847 0.0338 0.0547
0 0.3055 0.7701 0.0375 0.0482
0 0.3384 0.7031 0.0379 0.0536
0 0.2844 0.7042 0.0173 0.0493
0 0.3654 0.5874 0.0346 0.0557
0 0.4710 0.5113 0.0412 0.0536
0 0.4421 0.5825 0.0349 0.0461
0 0.3969 0.7085 0.0357 0.0557
0 0.3688 0.7749 0.0382 0.0493
0 0.4131 0.7787 0.0305 0.0525
0 0.4414 0.6951 0.0364 0.0547
0 0.4939 0.7015 0.0445 0.0675
0 0.4790 0.7781 0.0338 0.0472
0 0.5248 0.5080 0.0357 0.0407
0 0.5017 0.5772 0.0349 0.0547
0 0.5467 0.5852 0.0346 0.0536
0 0.5722 0.5214 0.0335 0.0482
0 0.5597 0.7069 0.0320 0.0461
0 0.5333 0.7642 0.0357 0.0536
0 0.5899 0.7803 0.0423 0.0493
0 0.6200 0.6983 0.0312 0.0482
0 0.6445 0.7765 0.0324 0.0418
0 0.5996 0.5820 0.0294 0.0386
0 0.6458 0.5852 0.0386 0.0450
0 0.6300 0.5091 0.0357 0.0450
0 0.6987 0.5155 0.0386 0.0472
0 0.7579 0.5214 0.0364 0.0482
0 0.8349 0.5214 0.0404 0.0632
0 0.6851 0.7053 0.0379 0.0429
0 0.7086 0.7556 0.0415 0.0536
0 0.7625 0.6886 0.0368 0.0482
0 0.8287 0.6972 0.0390 0.0525
0 0.8024 0.7663 0.0437 0.0536
0 0.8844 0.5820 0.0393 0.0493
0 0.8847 0.6929 0.0386 0.0504
0 0.8779 0.7647 0.0382 0.0568
0 0.9629 0.4721 0.0434 0.0697
0 0.9855 0.7004 0.0276 0.0482
0 0.9827 0.7706 0.0287 0.0493
