0 0.1082 0.2223 0.0399 0.1355
0 0.0873 0.5105 0.0556 0.0668
0 0.0304 0.6384 0.0477 0.0592
0 0.0163 0.9284 0.0248 0.1355
0 0.0516 0.9303 0.0248 0.1240
0 0.1618 0.6050 0.0725 0.0687
0 0.2529 0.4771 0.0523 0.0687
0 0.2915 0.5935 0.0784 0.0954
0 0.3271 0.3979 0.0647 0.0897
0 0.4608 0.3788 0.0510 0.0782
0 0.4641 0.4599 0.0562 0.0725
0 0.4549 0.5763 0.0641 0.0840
0 0.6036 0.3416 0.0503 0.0725
0 0.6072 0.4666 0.0458 0.0706
0 0.7072 0.5582 0.0431 0.0744
0 0.7533 0.4361 0.1275 0.0935
0 0.8627 0.5353 0.0510 0.0706
0 0.9412 0.4208 0.0993 0.1088
0 0.9605 0.5382 0.0569 0.0802
