0 0.0697 0.5301 0.0386 0.0643
0 0.0608 0.6059 0.0452 0.0612
0 0.0561 0.9106 0.0511 0.0522
0 0.1559 0.5055 0.0478 0.0492
0 0.1647 0.5733 0.0426 0.0542
0 0.1941 0.1953 0.0713 0.0612
0 0.3004 0.2093 0.0912 0.0673
0 0.3086 0.2927 0.0386 0.0452
0 0.2403 0.4734 0.0452 0.0552
0 0.2371 0.5562 0.0412 0.0542
0 0.3147 0.8178 0.0426 0.0612
0 0.3187 0.5326 0.0412 0.0552
0 0.3338 0.4573 0.0493 0.0572
0 0.4324 0.1526 0.0478 0.0663
0 0.4024 0.4393 0.0423 0.0612
0 0.3840 0.5171 0.0408 0.0462
0 0.4263 0.6019 0.0393 0.0512
0 0.4673 0.4955 0.0456 0.0412
0 0.4612 0.4252 0.0518 0.0572
0 0.5305 0.4081 0.0360 0.0572
0 0.5960 0.3901 0.0412 0.0552
0 0.5912 0.2134 0.0353 0.0532
0 0.7311 0.2344 0.0437 0.0492
0 0.6772 0.4503 0.0397 0.0673
0 0.7812 0.5974 0.0419 0.0462
0 0.8393 0.1300 0.0426 0.0512
0 0.8176 0.3619 0.0404 0.0592
0 0.9039 0.7515 0.0335 0.0492
