0 0.0267 0.4267 0.0364 0.0565
0 0.0436 0.5049 0.0408 0.0565
0 0.0782 0.4414 0.0335 0.0467
0 0.1558 0.2492 0.0401 0.0597
0 0.1618 0.5304 0.0280 0.2812
0 0.2197 0.6564 0.0210 0.1205
0 0.2161 0.9283 0.0276 0.1173
0 0.2558 0.3040 0.0394 0.0543
0 0.3303 0.2856 0.0390 0.0521
0 0.3522 0.2269 0.0357 0.0456
0 0.3043 0.4978 0.0364 0.0619
0 0.3604 0.4381 0.0441 0.0662
0 0.3659 0.5027 0.0375 0.0565
0 0.4117 0.5060 0.0364 0.0630
0 0.4145 0.4245 0.0412 0.0565
0 0.4257 0.3051 0.0379 0.0565
0 0.4790 0.5977 0.0423 0.0532
0 0.7050 0.6596 0.0427 0.0662
0 0.4691 0.5081 0.0416 0.0499
0 0.4884 0.4381 0.0419 0.0575
0 0.5211 0.3094 0.0405 0.0565
0 0.5037 0.2438 0.0401 0.0489
0 0.5805 0.2362 0.0371 0.0445
0 0.5809 0.3149 0.0460 0.0521
0 0.6600 0.3149 0.0460 0.0608
0 0.6775 0.2497 0.0360 0.0565
0 0.7345 0.0494 0.0405 0.0749
0 0.7582 0.2557 0.0357 0.0619
0 0.8036 0.2400 0.0360 0.0413
0 0.5223 0.5022 0.0360 0.0489
0 0.5590 0.4381 0.0368 0.0575
0 0.5864 0.5033 0.0394 0.0489
0 0.6107 0.4338 0.0364 0.0575
0 0.6348 0.4989 0.0382 0.0532
0 0.6602 0.4316 0.0419 0.0532
0 0.6892 0.4870 0.0375 0.0554
0 0.7188 0.4186 0.0371 0.0510
0 0.7394 0.4967 0.0423 0.0510
0 0.7734 0.4321 0.0397 0.0521
0 0.7966 0.5022 0.0412 0.0554
0 0.8338 0.4256 0.0382 0.0434
0 0.8801 0.5005 0.0397 0.0586
0 0.9018 0.4305 0.0419 0.0510
0 0.9759 0.4278 0.0357 0.0521
0 0.9785 0.5005 0.0386 0.0521
