0 0.1716 0.0389 0.0401 0.0535
0 0.1474 0.1226 0.0406 0.0587
0 0.0641 0.1986 0.0406 0.1002
0 0.0195 0.3057 0.0318 0.1313
0 0.0464 0.4171 0.0260 0.1192
0 0.0229 0.6788 0.0344 0.2003
0 0.2122 0.5026 0.0224 0.1416
0 0.2398 0.5147 0.0182 0.1105
0 0.2370 0.6813 0.0229 0.1537
0 0.2125 0.6839 0.0187 0.1416
0 0.2078 0.8765 0.0177 0.1434
0 0.2305 0.9111 0.0203 0.1434
0 0.1430 0.2358 0.0578 0.0881
0 0.2216 0.2168 0.0630 0.0950
0 0.2490 0.1157 0.0427 0.0656
0 0.3354 0.2064 0.0396 0.0535
0 0.4029 0.0976 0.0453 0.0743
0 0.4258 0.1934 0.0401 0.0656
0 0.5148 0.1831 0.0370 0.0587
0 0.5576 0.0872 0.0901 0.0915
0 0.6750 0.1658 0.0375 0.0587
0 0.6997 0.0639 0.0703 0.0794
0 0.8089 0.0587 0.0417 0.0656
