0 0.0548 0.3711 0.0432 0.0687
0 0.0535 0.5298 0.0303 0.0561
0 0.0856 0.6060 0.0258 0.0504
0 0.2081 0.5046 0.0273 0.0859
0 0.2314 0.3425 0.0937 0.0710
0 0.2814 0.4061 0.0410 0.0607
0 0.2026 0.9015 0.0280 0.1466
0 0.2207 0.0699 0.0317 0.1054
0 0.3651 0.3184 0.0387 0.0619
0 0.3845 0.4055 0.0450 0.0641
0 0.4504 0.3940 0.0417 0.0550
0 0.5081 0.3219 0.0347 0.0504
0 0.5367 0.4009 0.0432 0.0550
0 0.5699 0.3305 0.0402 0.0630
0 0.6220 0.3230 0.0358 0.0550
0 0.5969 0.4021 0.0328 0.0504
0 0.6448 0.4118 0.0454 0.0561
0 0.6978 0.3414 0.0399 0.0573
0 0.7568 0.3391 0.0413 0.0504
0 0.7437 0.1380 0.0358 0.0882
0 0.8042 0.3259 0.0358 0.0515
0 0.7664 0.4066 0.0428 0.0412
0 0.3148 0.5298 0.0406 0.0515
0 0.3015 0.6048 0.0376 0.0481
0 0.3661 0.6065 0.0347 0.0561
0 0.3928 0.5407 0.0373 0.0619
0 0.4090 0.6094 0.0365 0.0527
0 0.4375 0.5258 0.0380 0.0504
0 0.4659 0.6077 0.0373 0.0515
0 0.4919 0.5401 0.0428 0.0676
0 0.5315 0.6071 0.0358 0.0527
0 0.5589 0.5424 0.0343 0.0538
0 0.5860 0.6088 0.0413 0.0538
0 0.6120 0.5269 0.0410 0.0435
0 0.6373 0.6048 0.0369 0.0573
0 0.6694 0.5304 0.0399 0.0504
0 0.6921 0.5882 0.0373 0.0561
0 0.7443 0.5223 0.0369 0.0527
0 0.7574 0.6060 0.0424 0.0664
0 0.8017 0.5344 0.0373 0.0424
0 0.8216 0.6025 0.0336 0.0596
0 0.8611 0.5241 0.0365 0.0493
0 0.9520 0.5321 0.0399 0.0561
0 0.9507 0.6105 0.0365 0.0596
