0 0.0434 0.2245 0.0275 0.1538
0 0.0303 0.5281 0.0317 0.1746
0 0.0716 0.4044 0.0289 0.1518
0 0.0585 0.8524 0.0344 0.1788
0 0.4656 0.7121 0.0502 0.0936
0 0.5000 0.4854 0.0530 0.0811
0 0.5334 0.6954 0.0496 0.0811
0 0.5668 0.5873 0.0764 0.0936
0 0.5826 0.4782 0.0585 0.0790
0 0.6645 0.5790 0.0516 0.0894
0 0.6555 0.6850 0.0654 0.0811
0 0.7106 0.4532 0.0516 0.1040
0 0.7388 0.5728 0.0434 0.0894
0 0.7990 0.4595 0.0564 0.0790
0 0.8131 0.5593 0.0557 0.0873
0 0.8682 0.4168 0.0530 0.0811
0 0.8957 0.5478 0.0544 0.0686
0 0.9387 0.4064 0.0509 0.0811
0 0.9615 0.6383 0.0468 0.0748
