0 0.9369 0.5150 0.0467 0.0942
0 0.9842 0.7943 0.0294 0.0632
0 0.9314 0.7916 0.0415 0.0554
0 0.9259 0.7217 0.0467 0.0466
0 0.8649 0.7273 0.0415 0.0510
0 0.8518 0.8016 0.0375 0.0576
0 0.8116 0.7234 0.0386 0.0499
0 0.7879 0.8004 0.0360 0.0621
0 0.7658 0.7278 0.0375 0.0543
0 0.7382 0.7943 0.0404 0.0521
0 0.7189 0.7145 0.0379 0.0543
0 0.6866 0.7799 0.0379 0.0543
0 0.6421 0.7234 0.0379 0.0432
0 0.6335 0.7993 0.0382 0.0510
0 0.5686 0.8986 0.0379 0.0521
0 0.5871 0.8021 0.0412 0.0565
0 0.6061 0.5283 0.0437 0.0632
0 0.6403 0.1757 0.0276 0.0920
0 0.5415 0.7112 0.0331 0.0721
0 0.5143 0.7966 0.0338 0.0654
0 0.4678 0.7339 0.0408 0.0599
0 0.4660 0.8071 0.0357 0.0576
0 0.5075 0.5427 0.0401 0.0521
0 0.3721 0.5122 0.0382 0.0532
0 0.3660 0.5904 0.0445 0.0632
0 0.2890 0.5111 0.0353 0.0510
0 0.3017 0.5909 0.0474 0.0643
0 0.2500 0.6048 0.0316 0.0521
0 0.2132 0.5532 0.0360 0.0732
0 0.2096 0.7517 0.0257 0.1131
0 0.1643 0.8553 0.0243 0.1009
0 0.3623 0.7384 0.0474 0.0532
0 0.3033 0.7223 0.0324 0.0455
0 0.3358 0.7993 0.0371 0.0554
0 0.3597 0.8991 0.0386 0.0621
0 0.4022 0.8027 0.0360 0.0532
0 0.4175 0.9540 0.0445 0.0654
0 0.0996 0.5787 0.0412 0.0599
0 0.0656 0.7256 0.0401 0.0610
0 0.0901 0.7949 0.0279 0.0510
0 0.0419 0.8021 0.0382 0.0432
0 0.0112 0.9678 0.0210 0.0554
0 0.0737 0.0892 0.0254 0.1142
0 0.0783 0.2262 0.0191 0.1220
0 0.1062 0.1641 0.0265 0.1153
0 0.1246 0.1280 0.0235 0.1120
0 0.1553 0.1530 0.0261 0.1064
0 0.1487 0.0504 0.0217 0.0787
