0 0.1969 0.2088 0.0754 0.0581
0 0.3039 0.2330 0.0967 0.0614
0 0.4338 0.1647 0.0412 0.0646
0 0.5631 0.2519 0.0423 0.0560
0 0.3099 0.3219 0.0441 0.0581
0 0.0287 0.5813 0.0463 0.0732
0 0.1147 0.5549 0.0471 0.0592
0 0.0873 0.6426 0.0496 0.0581
0 0.0548 0.7487 0.0544 0.0441
0 0.1939 0.6179 0.0401 0.0495
0 0.2197 0.5215 0.0379 0.0571
0 0.2917 0.5011 0.0379 0.0614
0 0.3397 0.4989 0.0382 0.0614
0 0.3840 0.4763 0.0371 0.0571
0 0.4594 0.4591 0.0430 0.0571
0 0.5498 0.5005 0.0371 0.0581
0 0.2719 0.8961 0.0776 0.0872
0 0.6937 0.4225 0.0485 0.0571
