0 0.9502 0.1253 0.0349 0.0548
0 0.9794 0.2909 0.0360 0.0570
0 0.8574 0.2097 0.0382 0.0409
0 0.7682 0.2796 0.0408 0.0602
0 0.7131 0.5097 0.0386 0.0559
0 0.6561 0.4538 0.0379 0.0581
0 0.6371 0.2543 0.0346 0.0570
0 0.6684 0.6952 0.0375 0.0613
0 0.5790 0.5328 0.0456 0.0548
0 0.5006 0.4898 0.0408 0.0441
0 0.4956 0.2984 0.0426 0.0591
0 0.4322 0.1909 0.0408 0.0570
0 0.3710 0.3177 0.0390 0.0527
0 0.3018 0.2548 0.0941 0.0667
0 0.1928 0.2285 0.0673 0.0613
0 0.2048 0.3629 0.0346 0.0505
0 0.1252 0.4548 0.0415 0.0538
0 0.2790 0.6113 0.0471 0.0591
0 0.0237 0.4210 0.0430 0.0548
