0 0.1062 0.7531 0.0256 0.1327
0 0.1359 0.7593 0.0208 0.1204
0 0.1309 0.9159 0.0214 0.1257
0 0.1041 0.9221 0.0214 0.1381
0 0.2615 0.4274 0.0434 0.0584
0 0.2891 0.2478 0.0440 0.0531
0 0.3177 0.4212 0.0440 0.0637
0 0.2695 0.3345 0.0488 0.0602
0 0.3450 0.3310 0.0738 0.0850
0 0.3623 0.2363 0.0464 0.0796
0 0.3810 0.4177 0.0529 0.0673
0 0.4301 0.3186 0.0476 0.0779
0 0.4459 0.4044 0.0399 0.0655
0 0.4732 0.2221 0.0446 0.0655
0 0.4964 0.3133 0.0399 0.0708
0 0.5494 0.2230 0.0446 0.0673
0 0.5610 0.3062 0.0476 0.0637
0 0.6080 0.1832 0.0500 0.0513
0 0.6321 0.2920 0.0482 0.0708
0 0.6565 0.1920 0.0387 0.0655
0 0.6999 0.2832 0.0387 0.0637
0 0.7040 0.3779 0.0577 0.0690
0 0.7409 0.1805 0.0577 0.0708
0 0.8019 0.1770 0.0440 0.0531
0 0.7644 0.2708 0.0512 0.0637
0 0.8685 0.3416 0.0488 0.0673
