0 0.0304 0.5443 0.0469 0.0905
0 0.0883 0.6579 0.0814 0.0926
0 0.0452 0.7726 0.0518 0.0724
0 0.1629 0.5493 0.0566 0.0926
0 0.2253 0.6429 0.0449 0.0624
0 0.1822 0.7384 0.0511 0.0604
0 0.3133 0.7254 0.0469 0.0584
0 0.2950 0.5252 0.0504 0.0765
0 0.3851 0.5141 0.0566 0.0865
0 0.3820 0.6258 0.0462 0.0765
0 0.4124 0.7304 0.0614 0.0885
0 0.4779 0.6036 0.0490 0.0563
0 0.5124 0.7052 0.0476 0.0744
0 0.5242 0.4879 0.0462 0.0744
0 0.5631 0.5895 0.0538 0.0805
0 0.6056 0.6962 0.0752 0.0765
0 0.6925 0.6922 0.0835 0.0684
0 0.6349 0.5805 0.0524 0.0704
0 0.6563 0.4759 0.0649 0.0704
0 0.4582 0.4859 0.0538 0.0624
0 0.7312 0.4567 0.0435 0.0805
0 0.7250 0.5714 0.0587 0.0765
0 0.7805 0.6831 0.0511 0.0584
0 0.8026 0.5765 0.0580 0.0825
0 0.8054 0.4427 0.0497 0.0805
0 0.9130 0.5533 0.1311 0.1127
0 0.9203 0.6791 0.0573 0.0704
