0 0.8005 0.0223 0.0210 0.0410
0 0.7881 0.0472 0.0222 0.0499
0 0.7749 0.0762 0.0201 0.0490
0 0.7524 0.1065 0.0207 0.0490
0 0.7377 0.1279 0.0198 0.0455
0 0.7273 0.1493 0.0198 0.0526
0 0.7158 0.1720 0.0228 0.0624
0 0.6801 0.2206 0.0190 0.0383
0 0.6651 0.2380 0.0193 0.0428
0 0.6401 0.2861 0.0213 0.0499
0 0.5772 0.3846 0.0228 0.0544
0 0.5341 0.4452 0.0237 0.0383
0 0.4430 0.2674 0.0240 0.0463
0 0.4172 0.3222 0.0222 0.0526
0 0.4762 0.5419 0.0198 0.0535
0 0.4610 0.5619 0.0216 0.0490
0 0.4492 0.5882 0.0163 0.0410
0 0.4344 0.6056 0.0210 0.0455
0 0.4151 0.6288 0.0181 0.0330
0 0.3839 0.3926 0.0207 0.0455
0 0.3700 0.4144 0.0219 0.0517
0 0.3577 0.4363 0.0198 0.0490
0 0.3352 0.4795 0.0234 0.0499
0 0.3888 0.6716 0.0216 0.0490
0 0.3711 0.6965 0.0207 0.0455
0 0.3476 0.7402 0.0210 0.0561
0 0.3356 0.7602 0.0213 0.0481
0 0.3263 0.7794 0.0157 0.0401
0 0.2424 0.6127 0.0210 0.0561
0 0.3106 0.8039 0.0222 0.0463
0 0.2854 0.8338 0.0216 0.0437
0 0.1725 0.7286 0.0234 0.0490
0 0.1477 0.7696 0.0228 0.0561
0 0.0969 0.8391 0.0213 0.0490
