0 0.0301 0.4004 0.0474 0.1144
0 0.0416 0.5233 0.0679 0.1059
0 0.2151 0.2182 0.0512 0.1568
0 0.2919 0.8305 0.0666 0.3220
0 0.3860 0.8157 0.0448 0.2076
0 0.4667 0.6419 0.0602 0.1737
0 0.5813 0.0847 0.0563 0.1017
0 0.6434 0.0911 0.0499 0.1229
0 0.7068 0.0869 0.0640 0.1059
0 0.7439 0.2182 0.0615 0.1398
0 0.9059 0.1144 0.0627 0.1186
0 0.9802 0.1610 0.0474 0.1017
0 0.9085 0.3114 0.0525 0.1059
0 0.9520 0.4407 0.0653 0.1271
0 0.9654 0.7479 0.0538 0.1144
0 0.9046 0.7436 0.0653 0.1144
0 0.8348 0.7267 0.0563 0.1568
0 0.7721 0.7034 0.0563 0.1271
0 0.7151 0.7034 0.0576 0.1271
0 0.6210 0.7140 0.0640 0.0975
0 0.5595 0.7161 0.0640 0.1186
