0 0.1894 0.0584 0.0389 0.1061
0 0.0296 0.7215 0.0469 0.0902
0 0.3097 0.5186 0.0460 0.0663
0 0.3265 0.5889 0.0407 0.0690
0 0.3195 0.6578 0.0389 0.0796
0 0.3659 0.6631 0.0416 0.0637
0 0.3774 0.6034 0.0327 0.0504
0 0.4248 0.6034 0.0407 0.0610
0 0.4199 0.6737 0.0363 0.0637
0 0.4686 0.6830 0.0345 0.0610
0 0.4659 0.7905 0.0451 0.0796
0 0.5633 0.9496 0.0274 0.0902
0 0.6062 0.7878 0.0513 0.0849
0 0.7615 0.8422 0.0487 0.0769
0 0.3929 0.5159 0.0991 0.1247
0 0.4695 0.5385 0.0416 0.0796
0 0.4996 0.4881 0.0327 0.0584
0 0.5345 0.4973 0.0283 0.0557
0 0.5677 0.4987 0.0292 0.0318
0 0.5588 0.5650 0.0416 0.0690
0 0.6066 0.4973 0.0310 0.0610
0 0.6173 0.5729 0.0451 0.0796
0 0.6434 0.5040 0.0301 0.0637
0 0.6805 0.5080 0.0372 0.0716
0 0.6996 0.5769 0.0345 0.0663
0 0.7204 0.5133 0.0389 0.0610
0 0.7624 0.5252 0.0381 0.0690
0 0.7673 0.5875 0.0389 0.0716
0 0.8009 0.5265 0.0336 0.0716
0 0.8336 0.5385 0.0248 0.0637
0 0.8664 0.5398 0.0336 0.0557
0 0.9035 0.5358 0.0372 0.0690
0 0.9398 0.5451 0.0301 0.0769
0 0.9735 0.5464 0.0336 0.0584
