0 0.2751 0.3099 0.0471 0.0879
0 0.4817 0.1473 0.0527 0.0703
0 0.4434 0.2319 0.0590 0.0725
0 0.4649 0.3088 0.0429 0.0857
0 0.5741 0.3747 0.1448 0.1121
0 0.9122 0.5044 0.0675 0.0989
0 0.9691 0.5198 0.0450 0.0681
0 0.8475 0.6495 0.0478 0.0901
0 0.5527 0.5297 0.0569 0.1275
0 0.5309 0.7319 0.0387 0.1143
0 0.4926 0.9033 0.0394 0.1319
0 0.4522 0.5714 0.0541 0.0835
0 0.3465 0.6121 0.0632 0.1033
0 0.3763 0.8418 0.0429 0.1407
0 0.2691 0.7022 0.0562 0.0725
0 0.2330 0.6198 0.0696 0.0747
0 0.1307 0.6308 0.0689 0.0747
0 0.0734 0.7132 0.0682 0.0813
0 0.0278 0.6198 0.0485 0.0791
