0 0.2874 0.0541 0.0505 0.0721
0 0.2622 0.2838 0.0580 0.0703
0 0.2094 0.3324 0.0534 0.0667
0 0.1427 0.3847 0.0580 0.0775
0 0.0235 0.4856 0.0447 0.0739
0 0.0415 0.5748 0.0586 0.0793
0 0.1398 0.5126 0.1334 0.1315
0 0.2506 0.4225 0.0626 0.0775
0 0.4756 0.3523 0.0336 0.1820
0 0.4504 0.6468 0.0377 0.2090
0 0.5307 0.2432 0.0394 0.1766
0 0.5363 0.6405 0.0389 0.2000
0 0.4869 0.7964 0.0261 0.1550
0 0.5165 0.9261 0.0284 0.1405
0 0.6323 0.2477 0.0557 0.1135
0 0.7352 0.2514 0.0505 0.0703
0 0.7700 0.1099 0.0423 0.1045
0 0.7790 0.0270 0.0464 0.0396
0 0.8338 0.1270 0.0528 0.0811
0 0.8469 0.0441 0.0464 0.0631
0 0.9066 0.1505 0.0499 0.0847
0 0.9188 0.0550 0.0464 0.0847
0 0.9727 0.0775 0.0476 0.1009
