0 0.1769 0.0761 0.0486 0.0956
0 0.1354 0.3088 0.0470 0.0903
0 0.2572 0.2053 0.0617 0.0920
0 0.1877 0.3973 0.0450 0.0761
0 0.1343 0.4274 0.0523 0.0726
0 0.0745 0.4814 0.0497 0.0814
0 0.0175 0.6575 0.0288 0.0796
0 0.3372 0.3549 0.0512 0.1044
0 0.3806 0.1035 0.0481 0.0655
0 0.4909 0.1531 0.0502 0.0655
0 0.4864 0.7956 0.0246 0.1504
0 0.5154 0.8150 0.0251 0.1363
0 0.4990 0.9487 0.0298 0.0956
0 0.5468 0.1195 0.0523 0.0796
0 0.5436 0.0336 0.0512 0.0602
0 0.6140 0.1027 0.0507 0.0956
0 0.5972 0.2469 0.0538 0.0867
0 0.7196 0.0327 0.0497 0.0442
0 0.7935 0.2248 0.0408 0.0956
0 0.8996 0.0752 0.0554 0.0832
0 0.9051 0.4292 0.1103 0.1646
0 0.9114 0.2381 0.0434 0.0478
0 0.9801 0.3053 0.0355 0.0867
