0 0.0470 0.1067 0.0336 0.0791
0 0.0874 0.1440 0.0384 0.0910
0 0.1687 0.3246 0.0293 0.0910
0 0.1932 0.4343 0.0322 0.1015
0 0.1294 0.3187 0.0350 0.0612
0 0.8377 0.2060 0.0422 0.0866
0 0.8188 0.2582 0.0379 0.0806
0 0.7691 0.3269 0.0394 0.0925
0 0.7506 0.3754 0.0302 0.0791
0 0.6985 0.4455 0.0403 0.0761
0 0.6803 0.4866 0.0365 0.0716
0 0.6486 0.5157 0.0422 0.0881
0 0.5780 0.6306 0.0422 0.0851
0 0.5542 0.6858 0.0350 0.0731
0 0.5250 0.7172 0.0370 0.0821
0 0.5048 0.7537 0.0341 0.0687
0 0.4832 0.7858 0.0360 0.0731
0 0.4645 0.8299 0.0341 0.0836
0 0.4282 0.9000 0.0355 0.1104
0 0.1433 0.3724 0.0312 0.0433
0 0.1488 0.4209 0.0307 0.0388
0 0.1579 0.4687 0.0278 0.0507
0 0.1709 0.5231 0.0326 0.0731
0 0.0557 0.4515 0.0422 0.0701
0 0.0718 0.5104 0.0379 0.0567
0 0.0831 0.5537 0.0365 0.0448
0 0.0922 0.6075 0.0326 0.0716
0 0.1025 0.6657 0.0331 0.0567
0 0.0245 0.5231 0.0336 0.0672
0 0.0338 0.5657 0.0264 0.0507
0 0.0454 0.6119 0.0341 0.0537
0 0.0562 0.6604 0.0278 0.0522
0 0.0682 0.7187 0.0374 0.0642
0 0.0482 0.3336 0.0264 0.1030
0 0.0653 0.2970 0.0250 0.0985
0 0.0833 0.2709 0.0235 0.0881
0 0.0151 0.3761 0.0245 0.0627
0 0.1419 0.7418 0.0418 0.0657
0 0.1003 0.8007 0.0365 0.0612
0 0.0540 0.8836 0.0398 0.0776
0 0.8003 0.7866 0.0451 0.0955
0 0.9030 0.1119 0.0374 0.0806
0 0.9282 0.0746 0.0341 0.0866
0 0.9558 0.0418 0.0384 0.0716
0 0.9280 0.5619 0.0403 0.1060
