0 0.0485 0.5344 0.0283 0.0688
0 0.0237 0.5983 0.0225 0.0498
0 0.0835 0.8207 0.0204 0.0580
0 0.0665 0.8342 0.0240 0.0471
0 0.0537 0.8646 0.0186 0.0299
0 0.1398 0.7165 0.0204 0.0380
0 0.1864 0.6549 0.0271 0.0272
0 0.2497 0.5575 0.0259 0.0607
0 0.2771 0.5063 0.0240 0.0543
0 0.2918 0.4869 0.0183 0.0516
0 0.3240 0.4343 0.0259 0.0534
0 0.3404 0.4130 0.0173 0.0525
0 0.3536 0.4017 0.0207 0.0534
0 0.3676 0.3745 0.0219 0.0408
0 0.3903 0.3415 0.0228 0.0471
0 0.4038 0.3139 0.0207 0.0444
0 0.4197 0.2939 0.0225 0.0426
0 0.5230 0.0856 0.0222 0.0516
0 0.6019 0.0267 0.0262 0.0371
0 0.8383 0.0630 0.0234 0.0534
0 0.8198 0.0870 0.0103 0.0725
0 0.8544 0.1463 0.0247 0.0426
0 0.8127 0.2074 0.0210 0.0308
0 0.8157 0.2468 0.0228 0.0480
0 0.8016 0.3007 0.0201 0.0471
0 0.8259 0.3071 0.0213 0.0580
0 0.8095 0.3637 0.0219 0.0426
0 0.8162 0.3972 0.0225 0.0353
0 0.8203 0.4307 0.0131 0.0408
0 0.8361 0.5439 0.0173 0.0589
0 0.7823 0.5562 0.0228 0.0417
0 0.7747 0.1540 0.0234 0.0308
0 0.8090 0.0290 0.0119 0.0562
0 0.7809 0.0575 0.0128 0.0842
0 0.7658 0.0770 0.0125 0.0870
0 0.7349 0.1264 0.0170 0.0879
0 0.7180 0.1504 0.0143 0.0707
0 0.6987 0.1857 0.0146 0.0779
0 0.6773 0.2287 0.0137 0.0824
0 0.6648 0.2355 0.0137 0.0634
0 0.6403 0.2767 0.0170 0.0824
0 0.6138 0.3130 0.0152 0.0752
0 0.5977 0.4081 0.0262 0.0335
0 0.6067 0.4475 0.0204 0.0399
0 0.6476 0.3922 0.0219 0.0453
0 0.7100 0.2545 0.0219 0.0399
0 0.7155 0.2985 0.0225 0.0480
0 0.7358 0.2595 0.0213 0.0389
0 0.7415 0.2894 0.0204 0.0335
0 0.7514 0.3374 0.0183 0.0389
0 0.7339 0.3986 0.0240 0.0417
0 0.7406 0.4402 0.0173 0.0435
0 0.7680 0.4303 0.0198 0.0435
0 0.7558 0.5236 0.0222 0.0525
0 0.7025 0.5326 0.0216 0.0543
0 0.6823 0.4171 0.0225 0.0426
0 0.6669 0.4783 0.0210 0.0525
0 0.6774 0.5408 0.0189 0.0580
0 0.7987 0.6087 0.0204 0.0616
0 0.7886 0.6200 0.0180 0.0661
0 0.7783 0.6431 0.0186 0.0616
0 0.7515 0.6793 0.0161 0.0598
0 0.7384 0.7002 0.0155 0.0543
0 0.7200 0.7319 0.0189 0.0543
0 0.5817 0.4928 0.0240 0.0272
0 0.5904 0.5226 0.0231 0.0362
0 0.5660 0.6499 0.0201 0.0643
0 0.5718 0.7043 0.0189 0.0480
0 0.5835 0.7640 0.0167 0.0571
0 0.5889 0.8130 0.0097 0.0480
0 0.5980 0.8428 0.0128 0.0643
0 0.6398 0.8537 0.0186 0.0408
0 0.6234 0.8542 0.0167 0.0453
0 0.6476 0.6757 0.0225 0.0380
0 0.6354 0.5838 0.0213 0.0335
0 0.6376 0.6146 0.0177 0.0408
0 0.6453 0.6436 0.0216 0.0317
