0 0.0344 0.5000 0.0506 0.0989
0 0.1206 0.0751 0.0519 0.1209
0 0.3431 0.2143 0.0506 0.1795
0 0.3658 0.9231 0.0363 0.1465
0 0.4060 0.9158 0.0337 0.1392
0 0.5428 0.6538 0.0610 0.0842
0 0.6070 0.6575 0.0545 0.0916
0 0.7004 0.6447 0.0649 0.1099
0 0.7639 0.6648 0.0545 0.1136
0 0.8217 0.6722 0.0506 0.1209
0 0.8865 0.6740 0.0558 0.0952
0 0.9494 0.6886 0.0571 0.1172
0 0.5545 0.3425 0.0636 0.0989
0 0.6064 0.2601 0.0506 0.1026
0 0.5571 0.1777 0.0636 0.1062
0 0.5629 0.0971 0.0571 0.0989
0 0.6239 0.1227 0.0519 0.0989
0 0.6868 0.1081 0.0636 0.0989
0 0.6984 0.1960 0.0713 0.0916
0 0.8878 0.1722 0.0558 0.1099
0 0.9650 0.1593 0.0649 0.1062
