0 0.1168 0.5926 0.0200 0.0439
0 0.1913 0.4769 0.0208 0.0439
0 0.2592 0.5164 0.0172 0.0734
0 0.2939 0.6864 0.0200 0.0798
0 0.3049 0.1002 0.0134 0.0630
0 0.3262 0.0898 0.0172 0.0551
0 0.3789 0.1492 0.0194 0.0399
0 0.3565 0.0387 0.0145 0.0630
0 0.3759 0.3835 0.0189 0.0742
0 0.3981 0.3719 0.0232 0.0958
0 0.4168 0.3412 0.0191 0.0886
0 0.4482 0.2662 0.0186 0.0710
0 0.4638 0.2482 0.0169 0.0686
0 0.4854 0.2011 0.0142 0.0638
0 0.5071 0.1772 0.0150 0.0495
0 0.7577 0.5120 0.0205 0.0471
0 0.7350 0.4940 0.0172 0.0367
0 0.7808 0.6093 0.0219 0.0535
0 0.6290 0.3823 0.0189 0.0495
0 0.6679 0.3707 0.0148 0.0455
0 0.6746 0.5559 0.0167 0.0535
0 0.6951 0.5555 0.0189 0.0383
0 0.6867 0.6449 0.0156 0.0638
0 0.7114 0.6460 0.0213 0.0359
0 0.7363 0.6193 0.0131 0.0575
0 0.7467 0.6053 0.0148 0.0583
0 0.7408 0.6820 0.0216 0.0391
0 0.7219 0.7155 0.0167 0.0343
0 0.7264 0.7434 0.0131 0.0295
0 0.7479 0.7127 0.0183 0.0287
0 0.7558 0.7358 0.0200 0.0319
0 0.7352 0.7618 0.0148 0.0168
0 0.6325 0.5399 0.0134 0.0215
0 0.6373 0.5734 0.0186 0.0279
0 0.6470 0.6225 0.0200 0.0223
0 0.6569 0.6704 0.0183 0.0303
0 0.6611 0.6971 0.0175 0.0279
0 0.6697 0.7215 0.0172 0.0303
