0 0.1634 0.4748 0.0700 0.0733
0 0.2211 0.3420 0.0496 0.0749
0 0.2256 0.4357 0.0564 0.0896
0 0.3433 0.5024 0.0465 0.0896
0 0.4044 0.2679 0.0225 0.1482
0 0.4292 0.3705 0.0209 0.1515
0 0.4198 0.6783 0.0282 0.1580
0 0.4569 0.9047 0.0303 0.1710
0 0.5052 0.9373 0.0256 0.1091
0 0.4731 0.5888 0.0251 0.1319
0 0.4950 0.3550 0.0251 0.1042
0 0.4248 0.0741 0.0308 0.1352
0 0.4697 0.1539 0.0245 0.1450
0 0.5073 0.0871 0.0308 0.1612
0 0.6945 0.0489 0.0574 0.0782
0 0.6995 0.1303 0.0517 0.0879
0 0.7063 0.2182 0.0339 0.0782
0 0.7587 0.2272 0.0460 0.0928
0 0.7624 0.1368 0.0460 0.0684
0 0.8298 0.1792 0.0491 0.0879
0 0.7781 0.0643 0.1034 0.1059
0 0.8554 0.1018 0.0407 0.0765
0 0.9063 0.1238 0.0475 0.0847
0 0.9407 0.2150 0.0423 0.0847
