0 0.0401 0.3051 0.0555 0.1103
0 0.0949 0.3088 0.0444 0.1176
0 0.1356 0.4044 0.0592 0.0882
0 0.2910 0.3603 0.0592 0.1471
0 0.3015 0.5055 0.0604 0.1066
0 0.3416 0.6324 0.0764 0.1176
0 0.3687 0.3732 0.0543 0.1140
0 0.4180 0.3860 0.0395 0.1029
0 0.4692 0.3915 0.0456 0.0993
0 0.5314 0.3989 0.0493 0.1140
0 0.6017 0.4210 0.0715 0.0699
0 0.5247 0.5000 0.0604 0.1176
0 0.7608 0.2077 0.0321 0.1801
0 0.7207 0.8438 0.0629 0.0919
0 0.6819 0.9504 0.0617 0.0919
0 0.5709 0.9283 0.0617 0.0699
0 0.5068 0.9191 0.0592 0.0735
0 0.4599 0.9062 0.0395 0.0846
0 0.4100 0.9173 0.0604 0.0478
0 0.3514 0.8824 0.0518 0.1029
0 0.2916 0.8879 0.0678 0.0772
0 0.2287 0.8640 0.0530 0.1176
0 0.1714 0.8566 0.0493 0.1029
0 0.1134 0.8456 0.0641 0.1324
0 0.0314 0.8548 0.0481 0.1140
