0 0.6936 0.5977 0.0579 0.1278
0 0.8571 0.6842 0.0663 0.1203
0 0.8245 0.2218 0.0302 0.1429
0 0.8269 0.0827 0.0326 0.1203
0 0.7943 0.8966 0.0519 0.1316
0 0.6647 0.9229 0.0507 0.0940
0 0.5561 0.8966 0.0627 0.1090
0 0.4897 0.8947 0.0531 0.1203
0 0.4463 0.8778 0.0290 0.0865
0 0.4011 0.8665 0.0470 0.1165
0 0.3378 0.8590 0.0483 0.1015
0 0.2805 0.8515 0.0543 0.1241
0 0.2220 0.8402 0.0507 0.1316
0 0.1665 0.8233 0.0483 0.0902
0 0.1122 0.8233 0.0507 0.0902
0 0.0241 0.8289 0.0362 0.1015
0 0.0229 0.4267 0.0265 0.1015
0 0.0344 0.2575 0.0543 0.0940
0 0.0947 0.2726 0.0591 0.0789
0 0.0989 0.3590 0.0555 0.0940
0 0.2883 0.3139 0.0603 0.1090
0 0.3589 0.3308 0.0567 0.0902
0 0.4065 0.3289 0.0410 0.0940
0 0.4548 0.3459 0.0507 0.0752
0 0.5157 0.3628 0.0470 0.0789
0 0.5760 0.3759 0.0543 0.0902
0 0.5296 0.5226 0.0651 0.1053
0 0.4264 0.6917 0.0639 0.0977
