0 0.1915 0.1667 0.0580 0.0875
0 0.2645 0.0726 0.0666 0.0670
0 0.1156 0.8520 0.0540 0.1359
0 0.2838 0.7067 0.0520 0.1099
0 0.3651 0.6089 0.0360 0.1080
0 0.4124 0.5633 0.0546 0.0950
0 0.4594 0.1899 0.0500 0.1043
0 0.4640 0.5112 0.0473 0.1210
0 0.5023 0.4842 0.0453 0.1341
0 0.5300 0.4311 0.0446 0.1285
0 0.5583 0.3892 0.0440 0.1080
0 0.5886 0.3641 0.0460 0.1099
0 0.6186 0.3147 0.0580 0.1192
0 0.7418 0.6769 0.0313 0.2030
0 0.7648 0.8408 0.0253 0.1546
0 0.8058 0.8045 0.0500 0.1080
0 0.6792 0.7980 0.0300 0.1322
0 0.6439 0.8333 0.0286 0.1248
0 0.5776 0.9311 0.0360 0.1192
