0 0.2132 0.0625 0.0752 0.0972
0 0.2612 0.2113 0.0512 0.1250
0 0.2034 0.2758 0.0569 0.0952
0 0.1323 0.3284 0.0537 0.0774
0 0.0641 0.3760 0.0638 0.0813
0 0.0291 0.5139 0.0531 0.1032
0 0.1390 0.4643 0.1390 0.1310
0 0.2464 0.3770 0.0619 0.0833
0 0.5009 0.2143 0.0442 0.2183
0 0.5515 0.2887 0.0291 0.1567
0 0.4738 0.5060 0.0366 0.1865
0 0.5107 0.8313 0.0246 0.1905
0 0.5392 0.9157 0.0284 0.1488
0 0.5670 0.6825 0.0284 0.1746
0 0.8162 0.0298 0.0670 0.0437
0 0.8913 0.0377 0.0455 0.0714
0 0.9624 0.0655 0.0436 0.0754
