0 0.4098 0.0848 0.0836 0.1352
0 0.7729 0.2905 0.0908 0.1581
0 0.6741 0.4543 0.1001 0.1467
0 0.6705 0.6248 0.0757 0.1410
0 0.6975 0.8010 0.0915 0.1429
0 0.5987 0.7714 0.0862 0.1410
0 0.5727 0.5886 0.0895 0.1600
0 0.5530 0.4238 0.0895 0.1314
0 0.4447 0.3981 0.0849 0.1333
0 0.4463 0.5295 0.0777 0.1105
0 0.4941 0.7429 0.0915 0.1410
0 0.3611 0.4990 0.0770 0.1181
0 0.3983 0.6743 0.0829 0.1371
0 0.3114 0.6486 0.0790 0.1238
0 0.2354 0.8400 0.1271 0.2095
0 0.2745 0.4590 0.0658 0.1181
0 0.1991 0.4410 0.0639 0.1505
0 0.2153 0.6095 0.0790 0.1524
0 0.1254 0.4229 0.0810 0.1333
0 0.0392 0.3724 0.0731 0.1467
0 0.0273 0.5124 0.0507 0.1181
0 0.1122 0.5771 0.1113 0.1752
